49.700 8.330 10
54.647 40.819 10
47.017 33.267 10
42.012 26.770 10
51.918 28.350 10
54.341 32.389 10
59.949 7.979 10
21.187 -11.794 10
6.046 45.455 10
-13.655 36.498 10
-31.252 24.557 10
27.048 47.490 10
28.447 55.744 10
21.792 80.627 10
16.989 98.891 10
19.160 81.857 10
-1.896 102.052 10
-7.147 107.848 10
22.117 107.848 10
29.692 119.789 10
4.245 116.101 10
36.454 119.262 10
43.952 129.272 10
36.029 138.404 10
-19.592 145.078 10
-29.019 151.751 10
-32.638 117.682 10
58.127 -131.070 10
43.025 -120.885 10
40.136 -122.114 10
25.289 -104.553 10
29.191 -96.650 10
30.712 -84.181 10
17.614 -99.635 10
36.273 -98.231 10
33.434 -82.549 10
45.329 -68.325 10
52.895 -83.954 10
54.148 -76.227 10
43.701 -72.012 10
47.031 -68.500 10
5.037 -64.112 10
-6.532 -76.932 10
-16.503 -70.626 10
-9.145 -40.421 10
-30.164 -53.065 10
-49.381 -69.221 10
-26.455 -62.899 10
18.412 -69.397 10
18.245 -33.220 10