48.200 7.200 10
40.641 -74.339 10
51.410 -0.846 10
38.697 -77.806 10
42.300 -88 10
51.914 4.495 10
-16.448 145.408 10
42.656 23.369 10
46.522 14.846 10
50.770 -2.020 10
41.816 3.056 10
37.158 22.893 10
37.103 -121.634 10
1.306 103.782 10
48.644 2.231 10
50.711 4.548 10
37.194 -80.489 10
-12.024 -77.048 10
37.742 -25.557 10
60.163 24.688 10
45.651 -73.564 10
-34.851 -58.087 10
51.428 7.194 10
52.834 6.379 10
45.213 -117.130 10
46.053 14.306 10
40.569 -105.226 10
39.104 -0.458 10
40.239 -75.500 10
42.019 0.744 10
53.648 -6.671 10
35.797 139.483 10
52.177 5.834 10
55.887 -3.486 10
53.728 -2.356 10
49.979 21.913 10
37.280 -121.947 10
32.950 -96.840 10
49.223 9.381 10
37.410 -122.094 10
59.104 18.208 10
39.135 -77.769 10
38.054 -121.361 10
52.078 -2.065 10
48.266 11.668 10
45.315 -73.750 10
-37.807 175.326 10
56.972 10.105 10
41.744 -111.805 10
19.345 -99.160 10
54.376 -6.180 10
-0.215 -78.503 10
37.819 -122.181 10
49.977 8.232 10
52 4.200 10
49.979 21.913 10
48.267 11.671 10
48.630 18.341 10
47.190 7.144 10
38.184 23.249 10
-34.743 148.840 10
38.353 -81.687 10
53.452 10.221 10
54.890 -112.299 10
41.570 -87.812 10
47.807 9.633 10
55.693 37.347 10
48.886 8.693 10
48.047 11.658 10
-23.543 -46.760 10
-34.747 -58.374 10
-26.285 28.071 10
-27.492 153.069 10
-38.280 -57.854 10
42.845 -71.501 10
51.594 4.923 10
49.859 8.660 10
44.988 9.125 10
51.738 36.148 10
55.494 -4.599 10
24.771 46.708 10
47.917 19.895 10
45.605 12.243 10
52.834 6.379 10
-26.816 -65.290 10
1.338 103.934 10
48.886 8.693 10
13.728 100.772 10
54.890 -112.295 10
38.017 23.731 10
49.977 8.232 10
33.496 -117.090 10
52.079 0.582 10
35.694 -84.270 10
59.453 17.890 10
50.217 8.641 10
51.721 5.030 10
42.744 -71.538 10
42.817 1.584 10
55.792 -4.854 10